92001903608804805960417187
92001903608804778447849910
92001903608804459794479608
92001903608804960368872881
92001903608804248433283184
92001903608804186966522151
92001903608804362438579742
92001903608804498923837902
92001903608804769923710732
92001903608804958245632215
92001903608804478933971377
92001903608804098797110240
92001903608804024780530184
92001903608804030140604792
92001903608804593928113423
92001903608804496902309136
92001903608804454306858902
92001903608804194266619150
92001903608804194266619150
92001903608804543108703616
92001903608804817635272397
92001903608804265812724083
92001903608804341710318156
92001903608804888761040839
92001903608804888761040839
92001903608804920846561263
92001903608804920846561263
92001903608804573540569518
92001903608804202022834003
92001903608804985484691987
92001903608804946731230977
92001903608804588677338319
92001903608804126503351110
92001903608804103251917812
92001903608804823713510558
92001903608804776397311693
92001903608804244120450341
92001903608804643163807059
92001903608804344807849830
92001903608804793459536962
92001903608804139267623980
92001903608804050638892159
92001903608804279918116017
92001903608804356308924572
92001903608804703307008923
92001903608804134725934868
92001903608804627902706278
92001903608804546574778812
92001903608804069138804302
92001903608804886927521161
92001903608804141618693443
92001903608804053551589434
92001903608804317552507348
92001903608804381748613816
92001903608804563925129581
92001903608804206729602118
92001903608804903481189542
92001903608804486664172864
92001903608804023574988477
92001903608804479449031586
92001903608804271319240889
92001903608804102569459113
92001903608804012877585179
92001903608804558309893677